image_00000 140 209 158 229
image_00001 143 210 160 228
image_00002 143 208 160 229
image_00003 142 208 160 230
image_00004 144 210 162 231
image_00005 140 206 163 231
image_00006 142 206 162 231
image_00007 139 205 163 231
image_00008 136 205 164 231
image_00009 141 204 162 230
image_00010 141 205 163 232
image_00011 139 203 162 233
image_00012 141 205 165 231
image_00013 142 203 163 231
image_00014 142 206 162 231
image_00015 140 202 164 231
image_00016 139 200 166 235
image_00017 138 203 164 232
image_00018 137 202 165 231
image_00019 135 201 164 232
image_00020 135 200 165 233
image_00021 137 201 165 235
image_00022 138 198 167 234
image_00023 136 197 167 234
image_00024 136 197 167 235
image_00025 136 199 164 234
image_00026 136 199 162 231
image_00027 133 198 166 233
image_00028 135 198 167 233
image_00029 130 198 166 236
image_00030 131 198 166 236
image_00031 133 199 166 236
image_00032 132 196 165 237
image_00033 133 194 168 236
image_00034 130 193 171 236
image_00035 132 193 172 237
image_00036 132 193 172 235
image_00037 129 191 170 233
image_00038 127 192 170 233
image_00039 129 191 166 237
image_00040 130 192 165 235
image_00041 128 186 164 239
image_00042 126 187 163 239
image_00043 124 183 167 237
image_00044 132 188 165 235
image_00045 127 187 164 237
image_00046 123 184 167 237
image_00047 123 185 168 237
image_00048 125 183 162 236
image_00049 124 187 164 237
image_00050 122 184 166 239
image_00051 122 186 161 234
image_00052 123 183 163 237
image_00053 129 188 163 235
image_00054 127 186 160 237
image_00055 126 186 161 236
image_00056 123 181 159 237
image_00057 128 187 159 237
image_00058 125 187 157 237
image_00059 123 187 158 237
image_00060 120 183 159 235
image_00061 125 190 155 234
image_00062 127 188 155 235
image_00063 126 190 155 237
